# aero.txt -- Aerodynamic coefficient tables for the three-stage rocket
#
# Values are illustrative -- physically representative of a generic slender
# booster, derived from Zipfel's aero_deck_SLV.asc (3rd-edition SSR6, 3-stage
# configuration at launch).
#
# Format follows OSK's Table1::read() (interleaved x,y pairs) and
# Table2::read() (separate axes, row-major data).
# Comments (#) are safe outside data blocks; inside a block, only numbers.
#
# Mach axis (12): 0.05, 0.6, 0.95, 1.05, 1.2, 1.6, 2.0, 3.0, 4.5, 6.0, 9.0, 25.0
# Alpha axis (6): 0, 2, 4, 6, 8, 10 deg

ca0slv3_vs_mach
12
mach ca0
 0.05  0.2295
 0.60  0.2475
 0.95  0.7780
 1.05  0.9709
 1.20  1.0428
 1.60  0.6772
 2.00  0.5753
 3.00  0.4972
 4.50  0.4388
 6.00  0.3982
 9.00  0.3845
25.00  0.3636

caaslv3_vs_mach
12
mach caa
 0.05 -0.0028
 0.60 -0.0030
 0.95 -0.0053
 1.05 -0.0066
 1.20 -0.0072
 1.60 -0.0077
 2.00 -0.0069
 3.00 -0.0031
 4.50 -0.0007
 6.00  0.0006
 9.00  0.0014
25.00  0.0024

ca0bslv3_vs_mach
12
mach ca0b
 0.05 -0.10
 0.60 -0.10
 0.95 -0.10
 1.05 -0.10
 1.20 -0.08
 1.60 -0.05
 2.00 -0.03
 3.00 -0.02
 4.50 -0.01
 6.00 -0.005
 9.00 -0.002
25.00  0.000

cn0slv3_vs_mach_alpha
12 6
mach
 0.05  0.60  0.95  1.05  1.20  1.60  2.00  3.00  4.50  6.00  9.00  25.00
alph
 0.0   2.0   4.0   6.0   8.0  10.0
cn0
 0.0000 0.0715 0.1546 0.2488 0.3536 0.4685
 0.0000 0.0716 0.1554 0.2514 0.3597 0.4803
 0.0000 0.0648 0.1429 0.2349 0.3414 0.4626
 0.0000 0.0659 0.1491 0.2507 0.3714 0.5121
 0.0000 0.0701 0.1588 0.2674 0.3968 0.5502
 0.0000 0.0729 0.1652 0.2788 0.4188 0.5947
 0.0000 0.0857 0.1915 0.3203 0.4838 0.6855
 0.0000 0.0745 0.1708 0.3014 0.4772 0.7214
 0.0000 0.0746 0.1772 0.3294 0.5354 0.7523
 0.0000 0.0740 0.1827 0.3478 0.5256 0.7004
 0.0000 0.0694 0.1848 0.3169 0.4626 0.6310
 0.0000 0.0741 0.1706 0.2972 0.4504 0.6294

# Negative clm values means moment opposes alpha = statically STABLE
# (center of pressure aft of reference CG).
clm0slv3_vs_mach_alpha
12 6
mach
 0.05  0.60  0.95  1.05  1.20  1.60  2.00  3.00  4.50  6.00  9.00  25.00
alph
 0.0   2.0   4.0   6.0   8.0  10.0
clm0
 0.0000 -0.40 -0.85 -1.32 -1.83 -2.37
 0.0000 -0.40 -0.85 -1.34 -1.86 -2.42
 0.0000 -0.36 -0.79 -1.27 -1.83 -2.49
 0.0000 -0.37 -0.83 -1.36 -1.95 -2.66
 0.0000 -0.39 -0.86 -1.42 -2.03 -2.80
 0.0000 -0.40 -0.88 -1.46 -2.13 -2.97
 0.0000 -0.47 -1.02 -1.68 -2.45 -3.40
 0.0000 -0.40 -0.92 -1.59 -2.42 -3.55
 0.0000 -0.39 -0.94 -1.71 -2.66 -3.65
 0.0000 -0.38 -0.97 -1.79 -2.59 -3.40
 0.0000 -0.36 -0.97 -1.65 -2.30 -3.06
 0.0000 -0.38 -0.89 -1.54 -2.24 -3.05

# Pitch damping vs Mach.  Negative = damping (good).
clmqslv3_vs_mach
12
mach clmq
 0.05 -50.0
 0.60 -50.0
 0.95 -55.0
 1.05 -60.0
 1.20 -50.0
 1.60 -40.0
 2.00 -35.0
 3.00 -30.0
 4.50 -25.0
 6.00 -22.0
 9.00 -20.0
25.00 -18.0
